247
201
114
254
63
53
16
221
73
145
169
140
118
125
52
239
41
38
88
129
231
133
162
157
103
255
26
109
230
181
38
220
219
203
159
164
23
17
191
178
107
18
246
222
82
31
211
100
159
137
11
56
172
90
63
12
246
187
41
243
136
174
36
179
21
114
230
125
61
96
150
113
230
6
51
213
174
41
220
165
143
245
154
106
247
34
136
193
226
150
225
62
97
176
195
181
136
56
188
39
65
170
11
219
201
75
85
242
4
93
98
43
51
151
246
252
249
159
178
41
61
106
79
61
254
116
100
88
221
149
98
56
43
208
27
86
148
159
19
45
173
21
12
168
252
10
171
185
214
67
